
Resp charges for organic molecule                                               

iqopt   irstrnt  ihfree     qwt
  2      1      1        0.001000

 rel.rms   dipole mom       Qxx      Qyy      Qzz
    0.25002   2.56630  26.96219 -24.77831  -2.18389

          Point charges before & after optimization
    NO   At.No.    q0           q(opt)   IVARY  d(rstr)/dq 
     1     7  -1.087809      -1.087809  -99    0.000915
     2     6   0.276625       0.304742    0    0.003118
     3     6   0.264142       0.151111    0    0.005518
     4     7  -0.869399      -0.869399  -99    0.001143
     5     6   0.161893       0.151111    3    0.005518
     6     6   0.316577       0.304742    2    0.003118
     7     7  -1.087809      -1.087809  -99    0.000915
     8     6   0.107245       0.151111    3    0.005518
     9     6   0.331877       0.304742    2    0.003118
    10     7  -1.087809      -1.087809  -99    0.000915
    11     1   0.388077       0.388077  -99    0.000000
    12     1   0.388077       0.388077  -99    0.000000
    13     1  -0.033608       0.021889    0    0.000000
    14     1   0.073671       0.021889   13    0.000000
    15     1   0.008972       0.050911    0    0.000000
    16     1   0.043197       0.050911   15    0.000000
    17     1   0.073699       0.050911   15    0.000000
    18     1   0.022975       0.050911   15    0.000000
    19     1  -0.025163       0.021889   13    0.000000
    20     1   0.044631       0.021889   13    0.000000
    21     1   0.388077       0.388077  -99    0.000000
    22     1   0.388077       0.388077  -99    0.000000
    23     1   0.071234       0.050911   15    0.000000
    24     1   0.050783       0.050911   15    0.000000
    25     1  -0.020723       0.021889   13    0.000000
    26     1   0.036342       0.021889   13    0.000000
    27     1   0.388077       0.388077  -99    0.000000
    28     1   0.388077       0.388077  -99    0.000000

        Statistics of the fitting:
  The initial sum of squares (ssvpot)                      1.398
  The residual sum of squares (chipot)                     0.087
  The std err of estimate (sqrt(chipot/N))               0.00351
  ESP relative RMS (SQRT(chipot/ssvpot))                 0.25002

 Dipole Moment (Debye)=   2.56630
